Z3743: 0.01626791159614647
Z3864: 4.7664242361817386e-05
Z3866: 0.0032272940522939885
Z6399: 0.030028288649867167
Z6402: 0.00241375971670394
Z6405: 0.03369085360286771
Z6407: 0.0029804022228542932
